6.730  6.0  0
5.730  6.0  0
5.730  4.600  0
6.230  4.600  0
6.230  5.500  0
6.730  5.500  0
6.730  2.800  0
6.230  2.800  0
6.230  4.100  0
5.730  4.100  0
5.730  2.800  0
5.230  2.800  0
5.230  4.600  0
4.330  4.600  0
4.330  5.100  0
5.230  5.100  0
5.230  6.000  0
2.100  6.000  0
2.100  5.100  0
3.830  5.100  0
3.830  4.600  0
2.100  4.600  0
2.100  3.400  0
2.600  3.400  0
2.600  4.100  0
4.730  4.100  0
4.730  2.800  0
4.000  2.800  0
4.000  3.550  0
3.255  3.550  0
3.255  2.800  0
2.100  2.800  0
